Id	Ctrl1	Ctrl3	Ctrl4	RNAi1	RNAi3	RNAi4	norm.Ctrl1	norm.Ctrl3	norm.Ctrl4	norm.RNAi1	norm.RNAi3	norm.RNAi4	baseMean	Untreated	RNAi	FC	log2FoldChange	pvalue	padj	tagwise.dispersion	trended.dispersion
FBgn0039155	2490	751	893	81	37	54	1426	1319	1436	47	59	75	726.91	1394	60	0.042	-4.574	1.38553259642265e-115	1.13641383558586e-111	0.0172	0.0175
FBgn0003360	14882	3935	4763	1492	576	640	8524	6910	7657	872	912	888	4293.88	7697	891	0.116	-3.112	1.32601155120532e-67	3.62531558099534e-64	0.0192	0.025
FBgn0039827	767	320	331	46	14	28	439	562	532	27	22	39	270.21	511	29	0.057	-4.125	1.43509827030521e-62	2.94266900326083e-59	0.0249	0.0296
FBgn0035085	1895	671	787	314	133	150	1085	1178	1265	184	210	208	688.53	1176	201	0.17	-2.557	4.43593467846474e-53	7.27670724655356e-50	0.0154	0.0178
FBgn0034736	712	282	257	51	25	28	408	495	413	30	40	39	237.4	439	36	0.08	-3.638	4.702068571201e-50	6.42772773683176e-47	0.0257	0.0322
FBgn0029896	1627	531	501	302	100	116	932	932	805	177	158	161	527.6	890	165	0.187	-2.421	9.36900958572302e-47	1.09778023745857e-43	0.0155	0.0198
FBgn0034897	2877	964	982	725	274	263	1648	1693	1579	424	434	365	1023.66	1640	408	0.249	-2.007	3.61559598377912e-41	3.70688978236954e-38	0.0135	0.0166
FBgn0029167	10401	3816	3822	2347	937	924	5957	6701	6144	1372	1483	1283	3823.4	6267	1379	0.22	-2.184	1.34827912760229e-39	1.10585854045939e-36	0.0178	0.0241
FBgn0038832	853	252	289	129	52	65	489	443	465	75	82	90	273.94	466	82	0.176	-2.508	7.43941778460698e-36	5.54710042448604e-33	0.02	0.0291
FBgn0036821	1441	498	457	382	112	147	825	874	735	223	177	204	506.53	811	201	0.251	-1.997	1.12536932319071e-31	7.69189932400853e-29	0.0166	0.0201
FBgn0264753	351	131	146	42	11	19	201	230	235	25	17	26	122.36	222	23	0.105	-3.245	3.37365063904407e-30	1.97647732438853e-27	0.0338	0.0479
FBgn0024288	202	73	73	7	6	4	116	128	117	4	9	6	63.4	120	6	0.049	-4.359	1.49087622087494e-28	8.15211117574416e-26	0.0461	0.0594
FBgn0085359	266	48	85	11	2	1	152	84	137	6	3	1	64.05	124	3	0.035	-4.817	2.37610526758644e-26	1.14640090616141e-23	0.0665	0.0589
FBgn0259715	2277	879	1073	492	294	283	1304	1544	1725	288	465	393	953.08	1524	382	0.249	-2.006	7.2166722415109e-25	3.11532345920381e-22	0.0237	0.0167
FBgn0037754	871	233	223	170	54	61	499	409	358	99	85	85	256.01	422	90	0.214	-2.224	8.98272404515643e-25	3.68381513091865e-22	0.0251	0.0303
FBgn0030041	288	93	117	41	10	15	165	163	188	24	16	21	96.16	172	20	0.123	-3.029	2.02639977733495e-24	7.91453855890537e-22	0.0367	0.053
FBgn0000406	787	261	385	167	60	97	451	458	619	98	95	135	309.21	509	109	0.214	-2.227	5.94277584391013e-24	2.11924554225004e-21	0.027	0.0269
FBgn0023479	9584	3082	2984	3053	1145	1175	5489	5412	4797	1785	1812	1631	3487.79	5233	1743	0.333	-1.586	2.74798918181497e-23	8.66884894971016e-21	0.0171	0.0233
FBgn0040091	2714	899	1211	1002	388	416	1555	1579	1947	586	614	577	1142.89	1694	592	0.35	-1.514	6.30223703949422e-23	1.84610529278327e-20	0.0151	0.0166
FBgn0040099	3002	785	942	952	221	268	1719	1378	1514	557	350	372	981.78	1537	426	0.279	-1.841	2.54784176914902e-21	7.20599937605525e-19	0.0241	0.0166
FBgn0026562	102439	47109	59862	18039	10108	12172	58674	82725	96234	10547	15998	16895	46845.44	79211	14480	0.183	-2.452	7.69042163028641e-19	2.1025612737203e-16	0.0495	0.0365
FBgn0034010	1604	488	610	634	205	226	919	857	981	371	324	314	627.52	919	336	0.368	-1.443	9.1605443611259e-19	2.42370273709531e-16	0.0163	0.0184
FBgn0052407	574	170	189	152	38	49	329	299	304	89	60	68	191.36	311	72	0.238	-2.069	1.27486512881292e-18	3.26763868328861e-16	0.0295	0.0368
FBgn0016715	489	144	169	85	42	50	280	253	272	50	66	69	165.03	268	62	0.226	-2.148	1.90861798218542e-18	4.60426020290729e-16	0.0306	0.0405
FBgn0039419	4979	1572	1589	2245	743	850	2852	2760	2554	1313	1176	1180	1972.53	2722	1223	0.45	-1.153	2.19522661986691e-17	4.86628344220226e-15	0.0123	0.0188
FBgn0036985	6756	1661	1732	1965	769	825	3870	2917	2784	1149	1217	1145	2180.31	3190	1170	0.366	-1.449	2.27960609957428e-17	4.92034979702848e-15	0.0196	0.0195
FBgn0024315	247	89	94	48	15	23	141	156	151	28	24	32	88.77	149	28	0.189	-2.407	3.21493325982981e-17	6.76125194798055e-15	0.0357	0.0546
FBgn0023549	632	217	238	177	79	91	362	381	383	103	125	126	246.75	375	118	0.312	-1.678	4.6098030118342e-17	9.45240107576602e-15	0.0216	0.0313
FBgn0040827	723	189	192	192	44	57	414	332	309	112	70	79	219.28	352	87	0.252	-1.987	2.88078293149086e-16	5.7629711229483e-14	0.0334	0.0336
FBgn0265512	252	80	81	53	16	17	144	140	130	31	25	24	82.49	138	27	0.198	-2.339	7.49647139339851e-16	1.39741041746942e-13	0.0374	0.0556
FBgn0261584	482	140	152	133	42	39	276	246	244	78	66	54	160.77	255	66	0.263	-1.929	1.36661172392873e-15	2.49087763548076e-13	0.0307	0.041
FBgn0001137	1154	377	462	492	158	207	661	662	743	288	250	287	481.79	689	275	0.401	-1.318	1.68526099935857e-15	3.0048936340737e-13	0.0164	0.0207
FBgn0063649	1712	598	525	717	247	279	981	1050	844	419	391	387	678.68	958	399	0.417	-1.261	1.8517346652099e-15	3.23147398384076e-13	0.0157	0.0179
FBgn0039109	1226	413	417	505	169	218	702	725	670	295	267	303	493.86	699	288	0.413	-1.274	2.2144959301641e-15	3.7840199206679e-13	0.0154	0.0204
FBgn0034389	390	127	103	88	25	37	223	223	166	51	40	51	125.73	204	47	0.235	-2.089	5.146938994153e-15	8.61534563878427e-13	0.0362	0.0469
FBgn0027279	8234	2595	2639	3505	1242	1379	4716	4557	4242	2049	1966	1914	3240.77	4505	1976	0.439	-1.189	7.50758247840941e-15	1.23154382975828e-12	0.016	0.0227
FBgn0031703	273	93	106	73	25	28	156	163	170	43	40	39	101.87	163	41	0.25	-1.999	2.35097368932663e-14	3.70820888458789e-12	0.0322	0.0518
FBgn0261552	22518	5916	5184	6734	1604	1703	12898	10389	8334	3937	2539	2364	6743.31	10540	2947	0.28	-1.838	2.92899772209609e-14	4.53276213521361e-12	0.0394	0.0281
FBgn0036576	5973	1958	1716	2212	873	1067	3421	3438	2759	1293	1382	1481	2295.69	3206	1385	0.432	-1.212	5.00233636649622e-14	7.41694799780988e-12	0.0176	0.0199
FBgn0037646	161	32	47	15	5	10	92	56	76	9	8	14	42.42	75	10	0.133	-2.915	5.06399765761221e-14	7.41694799780988e-12	0.0554	0.062
FBgn0283658	3020	1219	1308	1361	599	719	1730	2141	2103	796	948	998	1452.48	1991	914	0.459	-1.125	7.85705450004773e-14	1.11109587947227e-11	0.015	0.0172
FBgn0053307	3608	742	989	1277	301	374	2067	1303	1590	747	476	519	1116.93	1653	581	0.352	-1.505	3.04736195695151e-13	3.90538480795567e-11	0.0283	0.0166
FBgn0261015	5147	1605	1511	2335	885	1008	2948	2818	2429	1365	1401	1399	2060.1	2732	1388	0.508	-0.978	8.81186659538441e-13	1.03249899736204e-10	0.0126	0.0191
FBgn0031322	1036	346	438	303	137	215	593	608	704	177	217	298	432.92	635	231	0.361	-1.471	9.07874396337195e-13	1.04878673221939e-10	0.0261	0.0219
FBgn0035542	1785	591	516	762	258	330	1022	1038	830	446	408	458	700.27	963	437	0.454	-1.139	1.05356485409752e-12	1.20018596295942e-10	0.0161	0.0177
FBgn0050147	2422	792	900	1190	449	546	1387	1391	1447	696	711	758	1064.85	1408	722	0.512	-0.966	7.66371650849811e-12	8.49429767604074e-10	0.0129	0.0166
FBgn0032004	2019	725	867	1117	359	459	1156	1273	1394	653	568	637	946.95	1274	619	0.488	-1.036	1.26294994421287e-11	1.36298887400447e-09	0.0151	0.0167
FBgn0039640	226	73	82	64	24	22	129	128	132	37	38	31	82.57	130	35	0.274	-1.866	1.75952549857905e-11	1.80395351741817e-09	0.0355	0.0557
FBgn0051337	2497	732	1014	1106	410	574	1430	1285	1630	647	649	797	1073	1448	698	0.481	-1.056	2.19912593942821e-11	2.19966231160856e-09	0.0164	0.0166
FBgn0026376	4377	1257	1096	2000	589	687	2507	2207	1762	1169	932	954	1588.57	2159	1018	0.472	-1.082	2.48392714250225e-11	2.4545988461209e-09	0.0177	0.0176
FBgn0039257	1641	475	476	694	247	309	940	834	765	406	391	429	627.47	846	409	0.482	-1.054	7.62804748509219e-11	7.27502854334025e-09	0.0165	0.0184
FBgn0033913	13209	4465	4508	5371	2328	2614	7566	7841	7247	3140	3684	3628	5517.76	7551	3484	0.461	-1.116	8.33272349341644e-11	7.76647705602292e-09	0.0205	0.0268
FBgn0063498	812	271	263	377	100	136	465	476	423	220	158	189	321.87	455	189	0.42	-1.25	8.33157959908628e-11	7.76647705602292e-09	0.022	0.0261
FBgn0263873	2187	778	701	1071	429	393	1253	1366	1127	626	679	545	932.74	1249	617	0.494	-1.017	8.53904666798309e-11	7.86935514278621e-09	0.016	0.0167
FBgn0002868	393	73	91	86	21	27	225	128	146	50	33	37	103.43	166	40	0.245	-2.026	9.62695116742547e-11	8.77336149724708e-09	0.0526	0.0508
FBgn0038237	134	37	24	20	5	6	77	65	39	12	8	8	34.71	60	9	0.161	-2.631	1.02018110900009e-10	9.19508291870188e-09	0.0642	0.0625
FBgn0262057	1981	566	664	1005	319	394	1135	994	1067	588	505	547	805.9	1065	547	0.514	-0.961	1.22472207059069e-10	1.08655074264805e-08	0.0142	0.0171
FBgn0033782	485	155	181	145	59	90	278	272	291	85	93	125	190.67	280	101	0.357	-1.486	1.28281874068765e-10	1.11932758628937e-08	0.0298	0.0371
FBgn0040388	3504	1183	1095	1864	680	744	2007	2077	1760	1090	1076	1033	1507.24	1948	1066	0.547	-0.869	1.36775582747795e-10	1.18087718915517e-08	0.0122	0.0174
FBgn0027596	1934	744	699	981	423	422	1108	1306	1124	574	669	586	894.46	1179	610	0.517	-0.953	3.53871484125492e-10	2.84554305176204e-08	0.0149	0.0168
FBgn0261560	5324	1278	1600	2285	834	1054	3049	2244	2572	1336	1320	1463	1997.46	2622	1373	0.523	-0.936	3.60431811641558e-10	2.87015700881947e-08	0.0151	0.0189
FBgn0037239	1886	603	712	976	385	421	1080	1059	1145	571	609	584	841.35	1095	588	0.537	-0.897	5.44225448969741e-10	4.21107276646209e-08	0.0133	0.0169
FBgn0000567	676	262	232	338	108	108	387	460	373	198	171	150	289.78	407	173	0.43	-1.219	5.59979665832629e-10	4.29247964407404e-08	0.0227	0.028
FBgn0031359	1680	569	572	879	330	369	962	999	920	514	522	512	738.23	960	516	0.537	-0.896	6.90029181436699e-10	5.24038828346649e-08	0.0133	0.0174
FBgn0036684	2599	852	820	1349	498	556	1489	1496	1318	789	788	772	1108.61	1434	783	0.546	-0.874	7.46980688244173e-10	5.62085835319147e-08	0.0132	0.0166
FBgn0031449	2310	789	824	1188	463	558	1323	1386	1325	695	733	774	1039.2	1345	734	0.545	-0.875	7.66488847439481e-10	5.71521956972602e-08	0.0131	0.0166
FBgn0029801	4096	1221	1193	1958	735	900	2346	2144	1918	1145	1163	1249	1660.89	2136	1186	0.554	-0.851	7.82320282103831e-10	5.78071257100506e-08	0.0129	0.0178
FBgn0036896	1771	557	527	908	295	346	1014	978	847	531	467	480	719.62	946	493	0.521	-0.94	1.24473166338064e-09	9.03476911774162e-08	0.0152	0.0176
FBgn0037223	89	22	22	12	4	7	51	39	35	7	6	10	24.67	42	8	0.18	-2.477	1.28323129512837e-09	9.23251147600252e-08	0.0513	0.0625
FBgn0043364	4460	906	977	1689	412	514	2555	1591	1571	988	652	713	1344.87	1906	784	0.412	-1.279	1.64995454176537e-09	1.16663165099651e-07	0.0305	0.017
FBgn0033426	977	287	355	464	157	212	560	504	571	271	248	294	408.05	545	271	0.498	-1.006	1.80896350508676e-09	1.26812980074543e-07	0.0167	0.0226
FBgn0035344	213	78	74	59	30	27	122	137	119	34	47	37	82.9	126	39	0.311	-1.683	2.29279624872885e-09	1.56712623600617e-07	0.0377	0.0558
FBgn0022160	3028	1336	1372	1347	718	827	1734	2346	2206	788	1136	1148	1559.64	2095	1024	0.488	-1.035	3.63946434939259e-09	2.46701542096843e-07	0.0209	0.0175
FBgn0015371	1012	349	295	487	180	180	580	613	474	285	285	250	414.37	556	273	0.492	-1.023	4.59516484386803e-09	3.03947919753271e-07	0.0185	0.0224
FBgn0034638	3781	1358	1668	2114	822	1068	2166	2385	2681	1236	1301	1482	1875.2	2411	1340	0.556	-0.847	5.20854544128592e-09	3.41763917675417e-07	0.0143	0.0185
FBgn0036373	10187	3949	3662	3750	2046	2277	5835	6935	5887	2193	3238	3160	4541.28	6219	2864	0.46	-1.12	7.02361034610151e-09	4.46570946191664e-07	0.026	0.0254
FBgn0051038	1618	693	636	799	383	404	927	1217	1022	467	606	561	800.03	1055	545	0.515	-0.957	9.8883790047097e-09	6.09808154861872e-07	0.0181	0.0171
FBgn0028939	50	21	34	11	3	6	29	37	55	6	5	8	23.28	40	6	0.171	-2.552	1.08235114598625e-08	6.62495828311885e-07	0.0629	0.0622
FBgn0052521	7543	2803	2702	3964	1629	1766	4320	4922	4344	2318	2578	2451	3488.9	4529	2449	0.541	-0.887	1.50147554723133e-08	9.12229810251214e-07	0.0171	0.0233
FBgn0031805	7503	2761	2970	3408	1613	1908	4298	4848	4775	1993	2553	2648	3519.05	4640	2398	0.516	-0.953	1.69061716009787e-08	1.01959131964138e-06	0.0198	0.0234
FBgn0053516	1880	602	552	963	361	405	1077	1057	887	563	571	562	786.31	1007	565	0.561	-0.835	2.65465480287715e-08	1.57778831110133e-06	0.0144	0.0172
FBgn0004369	2167	777	733	1266	437	508	1241	1364	1178	740	692	705	986.83	1261	712	0.566	-0.822	2.89540633353902e-08	1.69629448197764e-06	0.0143	0.0166
FBgn0039809	1476	453	568	874	241	319	845	795	913	511	381	443	648.2	851	445	0.526	-0.928	2.89433681685531e-08	1.69629448197764e-06	0.0179	0.0181
FBgn0004893	1127	425	410	633	233	281	646	746	659	370	369	390	529.97	684	376	0.551	-0.859	3.10291733719003e-08	1.7922625351854e-06	0.0147	0.0197
FBgn0261596	46352	12878	17184	18532	7650	8921	26549	22614	27625	10836	12108	12382	18685.61	25596	11775	0.46	-1.12	3.08507960026926e-08	1.7922625351854e-06	0.0287	0.0329
FBgn0037683	3255	1078	1581	1857	686	919	1864	1893	2542	1086	1086	1276	1624.34	2100	1149	0.547	-0.869	3.3430212689439e-08	1.91744478656488e-06	0.0168	0.0177
FBgn0085376	886	328	294	497	163	186	507	576	473	291	258	258	393.8	519	269	0.521	-0.94	4.61712944136799e-08	2.59381477247262e-06	0.0178	0.0231
FBgn0030237	5807	1538	2033	3170	915	1224	3326	2701	3268	1853	1448	1699	2382.61	3098	1667	0.538	-0.893	4.95777440506978e-08	2.76623575988996e-06	0.0185	0.0202
FBgn0000079	763	395	389	263	150	217	437	694	625	154	237	301	408.06	585	231	0.392	-1.35	5.04946082014659e-08	2.79835659775962e-06	0.0392	0.0227
FBgn0034636	60	22	17	15	1	5	34	39	27	9	2	7	19.6	33	6	0.199	-2.332	6.57309518704517e-08	3.50081342364575e-06	0.0554	0.0619
FBgn0031547	490	176	260	285	80	98	281	309	418	167	127	136	239.5	336	143	0.432	-1.209	7.26734937253285e-08	3.79661143652958e-06	0.03	0.0319
FBgn0263041	221	78	119	92	33	39	127	137	191	54	52	54	102.5	152	53	0.356	-1.491	7.24409920962136e-08	3.79661143652958e-06	0.04	0.0518
FBgn0013811	791	335	340	401	181	208	453	588	547	234	286	289	399.59	529	270	0.509	-0.974	9.19416845509727e-08	4.68388631482657e-06	0.0202	0.0229
FBgn0033504	5240	1914	1758	2958	1103	1315	3001	3361	2826	1730	1746	1825	2414.83	3063	1767	0.577	-0.794	1.4279123566213e-07	7.05526334277587e-06	0.0157	0.0203
FBgn0036181	546	185	186	271	100	102	313	325	299	158	158	142	232.48	312	153	0.491	-1.028	1.44654841642977e-07	7.07962374279769e-06	0.0216	0.0325
FBgn0259699	582	198	200	262	120	110	333	348	322	153	190	153	249.73	334	165	0.492	-1.024	1.45010581417948e-07	7.07962374279769e-06	0.0217	0.031
FBgn0267252	352	88	92	124	33	48	202	155	148	73	52	67	115.9	168	64	0.382	-1.39	1.60337540364392e-07	7.78158879330618e-06	0.0382	0.0485
FBgn0037635	487	162	186	248	80	101	279	284	299	145	127	140	212.37	287	137	0.481	-1.057	1.69004627926514e-07	8.15397622501924e-06	0.0229	0.0345
FBgn0031258	473	133	111	194	46	52	271	234	178	113	73	72	156.89	228	86	0.384	-1.38	1.84759665235601e-07	8.86198113603745e-06	0.0409	0.0413
FBgn0259714	359	111	120	164	52	57	206	195	193	96	82	79	141.79	198	86	0.437	-1.193	1.88040334504516e-07	8.96690013724443e-06	0.028	0.044
FBgn0031548	127	44	50	43	10	21	73	77	80	25	16	29	50.08	77	23	0.312	-1.68	2.06262409504777e-07	9.72278323424242e-06	0.0456	0.0613
FBgn0052681	413	136	159	203	69	79	237	239	256	119	109	110	178.09	244	113	0.465	-1.106	2.23458328018063e-07	1.04731726080237e-05	0.025	0.0386
FBgn0261808	1070	312	371	569	183	241	613	548	596	333	290	335	452.33	586	319	0.545	-0.875	2.32695454872707e-07	1.08441370503747e-05	0.0176	0.0213
FBgn0003525	3880	1008	1064	2004	691	817	2222	1770	1710	1172	1094	1134	1517.05	1901	1133	0.595	-0.749	2.5187308713294e-07	1.16715427156179e-05	0.0142	0.0174
FBgn0032638	327	104	114	155	46	41	187	183	183	91	73	57	128.92	184	74	0.406	-1.302	2.82420737630273e-07	1.29408653075056e-05	0.0352	0.0463
FBgn0262870	97	34	45	35	13	11	56	60	72	20	21	15	40.65	63	19	0.308	-1.697	2.98763138317128e-07	1.36136403359838e-05	0.0429	0.0623
FBgn0003366	53	16	22	9	5	7	30	28	35	5	8	10	19.45	31	8	0.23	-2.12	4.08892968775071e-07	1.82268485320279e-05	0.0467	0.0618
FBgn0032029	917	254	309	399	167	213	525	446	497	233	264	296	376.88	489	264	0.536	-0.9	4.41125942808346e-07	1.94522310909358e-05	0.0192	0.0237
FBgn0038381	427	152	191	223	80	95	245	267	307	130	127	132	201.23	273	130	0.478	-1.066	4.51714600019684e-07	1.98126371623607e-05	0.0251	0.0358
FBgn0028990	3136	1062	1334	1581	753	920	1796	1865	2145	924	1192	1277	1533.13	1935	1131	0.583	-0.778	5.23689546727137e-07	2.26068508539788e-05	0.0163	0.0174
FBgn0038865	594	212	268	315	121	155	340	372	431	184	192	215	289.03	381	197	0.517	-0.951	6.4423322960754e-07	2.72371182950569e-05	0.0214	0.0281
FBgn0027580	2647	1211	1174	1433	698	831	1516	2127	1887	838	1105	1153	1437.67	1843	1032	0.559	-0.838	7.27788684357815e-07	3.01480948944586e-05	0.0194	0.0172
FBgn0040752	12944	5164	4092	6729	2740	2872	7414	9068	6578	3934	4337	3986	5886.28	7687	4086	0.532	-0.912	8.17939815936218e-07	3.37122732176325e-05	0.024	0.0272
FBgn0034476	429	159	151	223	75	84	246	279	243	130	119	117	188.89	256	122	0.48	-1.059	8.42353906600437e-07	3.45449337096839e-05	0.0259	0.0372
FBgn0028514	1690	449	442	877	275	269	968	788	711	513	435	373	631.4	822	440	0.536	-0.899	8.96717382655668e-07	3.65914227489641e-05	0.0218	0.0183
FBgn0260429	343	84	64	112	30	28	196	148	103	65	47	39	99.78	149	50	0.344	-1.541	1.24091672169579e-06	4.846666167309e-05	0.0572	0.0516
FBgn0027348	501	192	220	271	100	134	287	337	354	158	158	186	246.75	326	167	0.516	-0.955	1.55498890232146e-06	5.98780233654487e-05	0.0228	0.0313
FBgn0039098	744	212	276	394	137	170	426	372	444	230	217	236	320.88	414	228	0.55	-0.863	1.79659697655109e-06	6.75949009251012e-05	0.0193	0.0262
FBgn0037912	2109	773	904	1434	517	608	1208	1357	1453	838	818	844	1086.54	1339	833	0.624	-0.681	2.24636977367816e-06	8.299425623292e-05	0.0137	0.0166
FBgn0029768	824	74	220	161	61	20	472	130	354	94	97	28	195.67	319	73	0.229	-2.126	2.30101375944233e-06	8.46319051791298e-05	0.1272	0.0358
FBgn0045852	5575	1761	1751	3030	1275	1296	3193	3092	2815	1772	2018	1799	2448.14	3033	1863	0.613	-0.705	2.87364149355963e-06	0.000104290298806089	0.0157	0.0204
FBgn0035147	39912	16882	20966	17919	9336	10829	22861	29645	33705	10477	14776	15031	21082.39	28737	13428	0.467	-1.098	3.0023810585752e-06	0.000108482508556977	0.0388	0.0334
FBgn0020257	2647	902	871	1737	575	647	1516	1584	1400	1016	910	898	1220.66	1500	941	0.628	-0.67	3.35111039925193e-06	0.000120025360238709	0.0138	0.0167
FBgn0026721	8764	3239	4056	4820	2218	2448	5020	5688	6520	2818	3510	3398	4492.4	5743	3242	0.564	-0.825	3.60677726557872e-06	0.000128064013559639	0.0223	0.0253
FBgn0039714	5090	1864	2171	3380	1267	1427	2915	3273	3490	1976	2005	1981	2606.82	3226	1987	0.616	-0.698	4.16832327174373e-06	0.000147364601184664	0.0159	0.0209
FBgn0051431	5275	1756	1976	3452	1151	1422	3021	3084	3177	2018	1822	1974	2515.89	3094	1938	0.627	-0.674	4.26759131499114e-06	0.000150226540624709	0.0148	0.0206
FBgn0031374	4401	1773	1584	2758	1106	1157	2521	3113	2546	1613	1750	1606	2191.6	2727	1656	0.608	-0.719	4.36603845435542e-06	0.000153035245310355	0.0169	0.0196
FBgn0024250	1054	346	294	590	191	214	604	608	473	345	302	297	438.04	562	315	0.562	-0.831	4.45125646263151e-06	0.000154700023332643	0.0205	0.0217
FBgn0044047	1568	387	412	846	239	276	898	680	662	495	378	383	582.67	747	419	0.561	-0.833	5.16220861377451e-06	0.000177900987605792	0.0217	0.0189
FBgn0031913	1995	712	947	1335	513	586	1143	1250	1522	781	812	813	1053.54	1305	802	0.615	-0.701	5.84472262165083e-06	0.000199743395594917	0.0158	0.0166
FBgn0263042	131	39	52	57	13	19	75	68	84	33	21	26	51.23	76	27	0.367	-1.446	6.3691231008079e-06	0.000214977562439615	0.0472	0.0611
FBgn0030326	295	104	163	157	66	55	169	183	262	92	104	76	147.7	205	91	0.447	-1.162	6.54781791967423e-06	0.000220103289250689	0.0378	0.0434
FBgn0010223	188	52	56	67	26	29	108	91	90	39	41	40	68.27	96	40	0.413	-1.277	7.50831540380487e-06	0.000251360012008194	0.0386	0.0583
FBgn0025836	223	62	74	90	35	36	128	109	119	53	55	50	85.59	119	53	0.442	-1.178	8.54042328732536e-06	0.000283597375719201	0.0348	0.055
FBgn0052311	3555	1294	1090	2142	898	856	2036	2272	1752	1252	1421	1188	1653.76	2020	1287	0.637	-0.651	8.70102698265651e-06	0.000287765416579632	0.0146	0.0178
FBgn0033359	1013	338	302	440	214	248	580	594	485	257	339	344	433.24	553	313	0.562	-0.831	1.00960269427093e-05	0.000331230451936406	0.0222	0.0218
FBgn0036732	6052	2086	2079	3795	1403	1646	3466	3663	3342	2219	2221	2285	2865.96	3490	2242	0.642	-0.639	1.1418322716726e-05	0.000371639217946773	0.0147	0.0217
FBgn0259749	3043	1100	1275	1688	813	966	1743	1932	2050	987	1287	1341	1556.46	1908	1205	0.63	-0.666	1.26393007193437e-05	0.000407583563170058	0.0158	0.0175
FBgn0010591	3426	1221	1424	2118	929	1061	1962	2144	2289	1238	1470	1473	1762.83	2132	1394	0.653	-0.614	1.37551065369068e-05	0.000440700718030115	0.0135	0.0181
FBgn0030452	1975	636	783	1268	498	525	1131	1117	1259	741	788	729	960.85	1169	753	0.644	-0.635	1.44736889309561e-05	0.000460128669037605	0.014	0.0167
FBgn0032400	1549	308	348	729	173	229	887	541	559	426	274	318	500.9	662	339	0.513	-0.963	1.51717491612742e-05	0.000480458249501045	0.0328	0.0202
FBgn0002609	109	37	34	45	15	12	62	65	55	26	24	17	41.46	61	22	0.376	-1.411	1.55471443392417e-05	0.000490452607194078	0.0447	0.0621
FBgn0261545	4014	1429	1314	2900	883	1005	2299	2509	2112	1696	1398	1395	1901.49	2307	1496	0.65	-0.622	1.60314908920236e-05	0.000501871329375487	0.0142	0.0186
FBgn0062978	71	22	20	26	6	7	41	39	32	15	9	10	24.31	37	11	0.328	-1.61	1.79303970933559e-05	0.000552876379547765	0.0484	0.0624
FBgn0052412	2620	834	1017	1739	647	715	1501	1465	1635	1017	1024	992	1272.22	1534	1011	0.66	-0.6	1.84273876915051e-05	0.000566072785939044	0.0131	0.0168
FBgn0010382	2680	1016	929	1740	703	734	1535	1784	1493	1017	1113	1019	1326.9	1604	1050	0.654	-0.612	1.9286223347151e-05	0.000588050572094173	0.0137	0.0169
FBgn0011274	2192	550	601	1230	411	424	1256	966	966	719	650	589	857.61	1063	653	0.614	-0.704	1.92313647863552e-05	0.000588050572094173	0.018	0.0169
FBgn0039886	2156	655	789	1450	451	576	1235	1150	1268	848	714	799	1002.43	1218	787	0.647	-0.627	2.01199698212971e-05	0.000611199972126957	0.0143	0.0166
FBgn0039101	641	211	234	377	125	169	367	371	376	220	198	235	294.45	371	218	0.588	-0.767	2.02472016489299e-05	0.000612795379795288	0.0189	0.0277
FBgn0035020	885	230	252	474	155	175	507	404	405	277	245	243	346.88	439	255	0.581	-0.784	2.09172225338297e-05	0.000628436114368027	0.0207	0.0248
FBgn0267336	3505	1171	909	2150	710	804	2008	2056	1461	1257	1124	1116	1503.66	1842	1166	0.633	-0.659	2.31311537978153e-05	0.000692415049086429	0.0165	0.0174
FBgn0005636	906	432	361	565	240	270	519	759	580	330	380	375	490.47	619	362	0.585	-0.773	2.52657500994556e-05	0.000750832182303387	0.0214	0.0205
FBgn0050069	9629	2281	1729	4513	1158	1149	5515	4005	2780	2639	1833	1595	3061.09	4100	2022	0.493	-1.019	2.8034259978062e-05	0.000827111512014621	0.0414	0.0222
FBgn0033446	257	77	64	101	37	44	147	135	103	59	59	61	94	128	60	0.46	-1.12	2.97684946174879e-05	0.000868901042180199	0.0375	0.0531
FBgn0263257	280	76	83	125	47	39	160	133	133	73	74	54	104.81	142	67	0.471	-1.085	3.08801593521127e-05	0.000898152719879534	0.0362	0.0509
FBgn0027091	2455	905	980	1573	676	745	1406	1589	1575	920	1070	1034	1265.75	1523	1008	0.661	-0.597	4.01520020907864e-05	0.00113560938327114	0.0141	0.0168
FBgn0267824	2685	910	928	1778	682	733	1538	1598	1492	1040	1079	1017	1294.02	1543	1045	0.678	-0.561	4.07706880201246e-05	0.00114914495924764	0.0124	0.0169
FBgn0038877	2729	710	866	1752	477	628	1563	1247	1392	1024	755	872	1142.17	1401	884	0.632	-0.663	4.26597756249709e-05	0.00119418252449151	0.0177	0.0166
FBgn0262103	3463	1311	1157	2264	886	1020	1984	2302	1860	1324	1402	1416	1714.57	2049	1381	0.674	-0.569	4.29544604226244e-05	0.00119834178362709	0.0131	0.018
FBgn0033188	2847	1122	1141	2049	778	909	1631	1970	1834	1198	1231	1262	1521.04	1812	1230	0.68	-0.557	4.37698088351492e-05	0.00121283774346586	0.0125	0.0174
FBgn0034694	955	300	387	631	212	255	547	527	622	369	336	354	459.06	565	353	0.626	-0.676	4.36636450272132e-05	0.00121283774346586	0.0168	0.0212
FBgn0030349	3923	1462	1486	2681	1090	1188	2247	2567	2389	1568	1725	1649	2024.14	2401	1647	0.686	-0.543	4.53268022295439e-05	0.00125175229591488	0.0121	0.019
FBgn0035232	4109	1384	1486	2679	1051	1249	2354	2430	2389	1566	1663	1734	2022.69	2391	1654	0.692	-0.532	4.55424214601919e-05	0.00125348637857884	0.0116	0.019
FBgn0028542	2064	932	1297	1071	611	743	1182	1637	2085	626	967	1031	1254.73	1635	875	0.535	-0.903	4.5949552051905e-05	0.00126046229407935	0.0337	0.0168
FBgn0039209	4689	1424	1223	2981	869	1053	2686	2501	1966	1743	1375	1462	1955.38	2384	1527	0.641	-0.642	4.61277205428448e-05	0.00126113187964138	0.0171	0.0188
FBgn0015522	359	136	113	218	60	66	206	239	182	127	95	92	156.69	209	105	0.51	-0.971	4.63321766622206e-05	0.00126251333217121	0.0325	0.0416
FBgn0031313	2824	1250	1408	1906	865	986	1618	2195	2263	1114	1369	1369	1654.68	2025	1284	0.634	-0.657	4.75157543857905e-05	0.00128621853951239	0.0179	0.0178
FBgn0020376	85	34	43	40	9	20	49	60	69	23	14	28	40.48	59	22	0.382	-1.387	5.03201869199014e-05	0.00135320056759682	0.0502	0.0623
FBgn0085334	205	33	58	72	20	20	117	58	93	42	32	28	61.69	89	34	0.38	-1.394	5.593190473661e-05	0.00148945935925219	0.0639	0.0591
FBgn0264090	80	26	24	28	13	9	46	46	39	16	21	12	29.92	44	16	0.377	-1.408	6.35280427900755e-05	0.00166379171313638	0.0453	0.0626
FBgn0266452	1472	454	538	928	379	363	843	797	865	543	600	504	691.92	835	549	0.656	-0.608	6.43203879748459e-05	0.00167478038784027	0.0147	0.0178
FBgn0037222	817	247	273	524	140	200	468	434	439	306	222	278	357.69	447	269	0.604	-0.726	7.14655869621269e-05	0.0018374944961234	0.0205	0.0244
FBgn0040398	8594	3113	4033	4730	2235	2733	4922	5467	6483	2766	3537	3793	4494.78	5624	3365	0.598	-0.741	7.1765435573539e-05	0.00183943782054427	0.0246	0.0253
FBgn0265194	3505	1262	1258	2374	955	1035	2008	2216	2022	1388	1511	1437	1763.69	2082	1445	0.694	-0.527	7.59934338611134e-05	0.00192971561773638	0.012	0.0181
FBgn0032899	2716	830	1187	1693	629	876	1556	1457	1908	990	996	1216	1353.78	1640	1067	0.65	-0.621	8.24356825041326e-05	0.00208684403672499	0.0169	0.017
FBgn0011206	853	233	207	475	123	155	489	409	333	278	195	215	319.67	410	229	0.561	-0.834	8.4959641611067e-05	0.00214411993998145	0.0283	0.0261
FBgn0261547	1518	572	489	947	385	419	869	1004	786	554	609	582	734.11	886	582	0.655	-0.609	8.5739088543118e-05	0.00215715338721059	0.0155	0.0175
FBgn0039094	44	12	22	13	5	8	25	21	35	8	8	11	18.04	27	9	0.323	-1.631	9.12112040897737e-05	0.00228083626812294	0.05	0.0616
FBgn0051523	12636	3373	3449	7642	2166	2312	7238	5923	5545	4468	3428	3209	4968.44	6235	3702	0.594	-0.752	9.74421624476884e-05	0.00242188065574527	0.0263	0.0261
FBgn0053181	1017	284	288	614	197	211	583	499	463	359	312	293	417.98	515	321	0.624	-0.679	0.00010047983659575	0.00248233620409139	0.0189	0.0222
FBgn0028563	2118	817	888	1501	597	673	1213	1435	1428	878	945	934	1138.66	1359	919	0.677	-0.563	0.000111979229315145	0.00274986119414018	0.0141	0.0166
FBgn0032775	5848	2467	2730	4047	1727	1886	3350	4332	4389	2366	2733	2618	3297.96	4024	2572	0.64	-0.645	0.000114484463343231	0.00280298975624233	0.0196	0.0228
FBgn0002945	169	65	44	82	19	29	97	114	71	48	30	40	66.66	94	39	0.43	-1.216	0.000120749180511244	0.00293013248092669	0.0519	0.0586
FBgn0040391	54	19	22	16	8	11	31	33	35	9	13	15	22.82	33	12	0.362	-1.467	0.000122899690844385	0.00297351995370396	0.0457	0.0622
FBgn0266418	1044	377	409	674	282	311	598	662	658	394	446	432	531.6	639	424	0.663	-0.593	0.000124322846723433	0.00299910584948704	0.0147	0.0197
FBgn0034804	82	30	40	38	14	17	47	53	64	22	22	24	38.65	55	23	0.421	-1.248	0.000141982586389728	0.00341507675533298	0.043	0.0624
FBgn0020493	784	232	256	472	168	193	449	407	412	276	266	268	346.29	423	270	0.638	-0.649	0.000154640509833029	0.00368709727223985	0.0175	0.0249
FBgn0050269	798	234	228	380	137	217	457	411	367	222	217	301	329.12	412	247	0.596	-0.747	0.000156186294094617	0.00371315937438855	0.0241	0.0257
FBgn0038595	342	123	146	176	81	91	196	216	235	103	128	126	167.33	216	119	0.55	-0.862	0.000159962160185323	0.00378100760184444	0.0294	0.0403
FBgn0032330	868	347	301	496	211	268	497	609	484	290	334	372	431.06	530	332	0.625	-0.678	0.000161198793019532	0.00379928879409827	0.0201	0.0219
FBgn0002778	2413	857	922	1807	615	711	1382	1505	1482	1057	973	987	1231	1456	1006	0.692	-0.531	0.000163090853293911	0.00383286870692453	0.0132	0.0167
FBgn0043841	38255	11103	13900	21948	7743	9576	21912	19497	22346	12833	12255	13291	17022.21	21252	12793	0.602	-0.732	0.000171876380311807	0.00400491497533363	0.027	0.0325
FBgn0033502	190	83	88	105	41	52	109	146	141	61	65	72	99.08	132	66	0.504	-0.987	0.000188070004095474	0.00429679714092221	0.0365	0.0526
FBgn0262579	13804	4565	4413	8543	3129	3489	7907	8016	7094	4995	4952	4843	6301.19	7672	4930	0.643	-0.638	0.000192922582539477	0.00438324382822379	0.0207	0.0277
FBgn0261800	94096	30264	31346	53731	20061	20917	53896	53144	50392	31416	31750	29033	41605.16	52477	30733	0.586	-0.772	0.00019401418676468	0.00439586839735886	0.0305	0.036
FBgn0054056	212	59	64	84	39	40	121	104	103	49	62	56	82.38	109	56	0.497	-1.007	0.00020296628889029	0.00456090274377577	0.037	0.0556
FBgn0026760	63	15	16	19	7	8	36	26	26	11	11	11	20.24	29	11	0.368	-1.443	0.000207416347018436	0.00464816633400332	0.0481	0.0621
FBgn0035084	303	125	127	166	74	84	174	220	204	97	117	117	154.66	199	110	0.553	-0.854	0.000216907548329429	0.0048344448679293	0.0296	0.0422
FBgn0260486	5030	1752	1507	3652	1065	1109	2881	3077	2423	2135	1686	1539	2290.07	2794	1787	0.64	-0.643	0.00022177702714838	0.0049109311623655	0.0211	0.0199
FBgn0010316	1283	355	314	790	213	231	735	623	505	462	337	321	497.12	621	373	0.603	-0.73	0.000227179936448181	0.00500895117943005	0.0256	0.0203
FBgn0053155	234	20	22	39	13	6	134	35	35	23	21	8	42.7	68	17	0.252	-1.987	0.000233451880530044	0.00513343786623974	0.1667	0.0615
FBgn0029766	48013	16585	18439	24519	10896	13816	27501	29124	29642	14336	17245	19177	22837.39	28756	16919	0.588	-0.765	0.000236942873876916	0.00517406427259793	0.0308	0.0337
FBgn0038874	259	101	103	133	53	73	148	177	166	78	84	101	125.71	164	88	0.535	-0.903	0.000237191924713097	0.00517406427259793	0.0328	0.0472
FBgn0040290	1656	538	560	1073	436	447	949	945	900	627	690	620	788.56	931	646	0.693	-0.53	0.000236644309348725	0.00517406427259793	0.0133	0.0172
FBgn0262818	782	265	212	495	146	173	448	465	341	289	231	240	335.78	418	253	0.609	-0.715	0.000241903454056799	0.00526284384661503	0.0235	0.0254
FBgn0015600	2796	921	951	1926	750	748	1601	1617	1529	1126	1187	1038	1349.83	1582	1117	0.706	-0.503	0.000272625209204967	0.00584741713256462	0.0128	0.017
FBgn0028397	1110	328	256	681	175	195	636	576	412	398	277	271	428.18	541	315	0.585	-0.773	0.000298130097507799	0.0062765049154488	0.0298	0.0219
FBgn0036196	409	175	188	307	102	106	234	307	302	180	161	147	221.98	281	163	0.586	-0.771	0.000299174084442903	0.0062765049154488	0.0268	0.0336
FBgn0283531	70	33	28	36	13	12	40	58	45	21	21	17	33.56	48	20	0.422	-1.244	0.000315364680202837	0.00653187148238299	0.0467	0.0626
FBgn0015576	383	135	149	249	88	90	219	237	240	146	139	125	184.29	232	137	0.593	-0.754	0.000318144856429072	0.00657285670637594	0.0246	0.0378
FBgn0042094	309	91	91	175	51	53	177	160	146	102	81	74	123.28	161	86	0.536	-0.899	0.000337869700063561	0.0068935504475655	0.035	0.0472
FBgn0002773	100	31	56	48	13	26	57	54	90	28	21	36	47.74	67	28	0.427	-1.228	0.000349168462827073	0.00707567946247178	0.0562	0.0616
FBgn0000256	5316	1771	1683	3260	1323	1523	3045	3110	2706	1906	2094	2114	2495.71	2954	2038	0.69	-0.536	0.00035155888084702	0.00710218211996862	0.0156	0.0205
FBgn0034290	31	16	20	5	6	9	18	28	32	3	9	12	17.15	26	8	0.294	-1.766	0.000376220178808308	0.00750792678001396	0.083	0.0613
FBgn0033363	188	100	99	132	44	53	108	176	159	77	70	74	110.47	148	74	0.508	-0.977	0.000392941985416186	0.00778480716034675	0.0422	0.0503
FBgn0036746	4003	1309	1176	2710	952	1089	2293	2299	1891	1585	1507	1512	1847.46	2161	1535	0.71	-0.494	0.000397689104537256	0.00784097604666964	0.0133	0.0184
FBgn0033079	913	275	294	482	228	244	523	483	473	282	361	339	409.97	493	327	0.658	-0.604	0.000423490643052979	0.00820564127592591	0.0179	0.0225
FBgn0036801	84	34	32	38	15	19	48	60	51	22	24	26	38.6	53	24	0.456	-1.134	0.00042418823469795	0.00820564127592591	0.0408	0.0624
FBgn0037705	1133	384	333	783	265	235	649	674	535	458	419	326	510.33	619	401	0.65	-0.623	0.000422170715839511	0.00820564127592591	0.0199	0.02
FBgn0086358	3259	1217	1134	2101	923	1042	1867	2137	1823	1228	1461	1446	1660.39	1942	1378	0.709	-0.496	0.000422996493964455	0.00820564127592591	0.0134	0.0178
FBgn0039613	8020	2075	2460	5285	1553	1840	4594	3644	3955	3090	2458	2554	3382.34	4064	2701	0.665	-0.589	0.000446758387901567	0.00856147733076788	0.0198	0.023
FBgn0264693	10963	3895	3467	7213	2572	2943	6279	6840	5574	4217	4071	4085	5177.59	6231	4124	0.662	-0.595	0.000456409683108335	0.00872604247285447	0.0204	0.0264
FBgn0027585	126	54	45	57	29	25	72	95	72	33	46	35	58.88	80	38	0.473	-1.08	0.000476129076059774	0.00908188530660992	0.0457	0.0602
FBgn0035496	663	160	210	395	115	148	380	281	338	231	182	205	269.45	333	206	0.62	-0.69	0.000499135793276768	0.00945476160844354	0.0237	0.0293
FBgn0004650	363	101	114	185	61	91	208	177	183	108	97	126	149.93	189	110	0.579	-0.787	0.000513671603947187	0.00959475039570506	0.0285	0.0426
FBgn0052687	750	249	278	487	187	216	430	437	447	285	296	300	365.71	438	294	0.67	-0.578	0.000514714724958574	0.00959475039570506	0.0165	0.0241
FBgn0038660	3409	1278	1431	2290	984	1214	1953	2244	2300	1339	1557	1685	1846.43	2166	1527	0.705	-0.505	0.000517491230773142	0.0096246328226787	0.0145	0.0184
FBgn0000078	161	32	78	58	33	24	92	56	125	34	52	33	65.54	91	40	0.429	-1.221	0.000541367649587268	0.0100232448350221	0.0676	0.0589
FBgn0035802	216	94	83	122	56	47	124	165	133	71	89	65	107.9	141	75	0.535	-0.903	0.00055468927038812	0.0101779896996048	0.0368	0.0507
FBgn0086365	8424	2829	3044	5614	2209	2400	4825	4968	4894	3282	3496	3331	4132.7	4896	3370	0.688	-0.539	0.000565174926010014	0.0103472427302101	0.0172	0.0247
FBgn0051098	404	129	152	245	97	89	231	227	244	143	154	124	187.1	234	140	0.599	-0.739	0.000568530429389597	0.0103624146263411	0.0263	0.0374
FBgn0037935	66	26	21	35	9	8	38	46	34	20	14	11	27.17	39	15	0.417	-1.261	0.000583923361836644	0.0105492057572338	0.0513	0.0626
FBgn0086708	586	212	200	329	151	166	336	372	322	192	239	230	281.87	343	220	0.639	-0.646	0.000641148019099928	0.0114818691106061	0.0211	0.0286
FBgn0033356	2745	622	835	1628	560	657	1572	1092	1342	952	886	912	1126.16	1335	917	0.685	-0.546	0.000660206055265075	0.0117717610114873	0.0173	0.0166
FBgn0038290	2405	680	883	1646	590	684	1378	1194	1420	962	934	949	1139.45	1331	948	0.713	-0.489	0.000663310830078331	0.0118014651373155	0.0137	0.0166
FBgn0085261	412	152	147	211	84	129	236	267	236	123	133	179	195.76	246	145	0.586	-0.77	0.000674363064602828	0.0119132381707318	0.0301	0.0365
FBgn0026160	4519	1466	1346	3046	1125	1282	2588	2574	2164	1781	1781	1779	2111.24	2442	1780	0.729	-0.457	0.000724818272640888	0.0126758197701505	0.0125	0.0193
FBgn0027590	1110	351	380	700	280	330	636	616	611	409	443	458	528.92	621	437	0.701	-0.512	0.00074374676562394	0.0129791722801012	0.0142	0.0197
FBgn0040505	108	42	39	63	20	17	62	74	63	37	32	24	48.4	66	31	0.479	-1.061	0.00082009759065006	0.0141908026128941	0.0463	0.0615
FBgn0035879	3202	1136	1119	2196	900	1027	1834	1995	1799	1284	1424	1425	1626.94	1876	1378	0.734	-0.446	0.000848084583231979	0.0145827877393474	0.0121	0.0177
FBgn0002922	79	26	22	38	11	11	45	46	35	22	17	15	30.19	42	18	0.448	-1.159	0.000865721262749039	0.014823895192208	0.0471	0.0626
FBgn0031637	2857	976	1068	1986	840	895	1636	1714	1717	1161	1329	1242	1466.69	1689	1244	0.736	-0.442	0.000877960443222301	0.0149709595744476	0.0118	0.0173
FBgn0039804	2144	779	788	1508	575	714	1228	1368	1267	882	910	991	1107.59	1288	928	0.721	-0.473	0.00087718125679256	0.0149709595744476	0.0134	0.0166
FBgn0004652	8290	2452	2029	5576	1459	1594	4748	4306	3262	3260	2309	2212	3349.62	4105	2594	0.632	-0.661	0.000886852109182894	0.0150599606615282	0.0279	0.023
FBgn0035262	715	302	286	561	198	204	410	530	460	328	313	283	387.36	467	308	0.666	-0.587	0.00091780948880665	0.0155213885096745	0.0193	0.0233
FBgn0013576	6089	2015	1999	4247	1567	1688	3488	3538	3214	2483	2480	2343	2924.3	3413	2435	0.714	-0.487	0.000922519961425964	0.0155689479909789	0.0151	0.0218
FBgn0033518	70	26	17	17	14	12	40	46	27	10	22	17	26.97	38	16	0.402	-1.313	0.000927553255873665	0.0156217490855766	0.0621	0.0625
FBgn0022338	2263	720	830	1516	583	731	1296	1264	1334	886	923	1015	1119.76	1298	941	0.724	-0.466	0.000964253469777477	0.0160904192124953	0.0132	0.0166
FBgn0020762	2420	894	927	1847	653	796	1386	1570	1490	1080	1033	1105	1277.42	1482	1073	0.725	-0.464	0.000975550563908417	0.0161972990388195	0.0132	0.0168
FBgn0028864	57	26	31	27	15	11	33	46	50	16	24	15	30.49	43	18	0.429	-1.22	0.001003482713423	0.0165604933913389	0.0543	0.0626
FBgn0004865	169	56	54	95	29	33	97	98	87	56	46	46	71.53	94	49	0.529	-0.918	0.00101581634827079	0.016730372868508	0.0388	0.0577
FBgn0000535	627	236	176	433	136	134	359	414	283	253	215	186	285.15	352	218	0.624	-0.681	0.00105675490052663	0.0172659436137836	0.0267	0.0283
FBgn0036824	6331	2554	3118	4333	1861	2362	3626	4485	5012	2533	2945	3278	3646.82	4374	2919	0.667	-0.583	0.00106746854693268	0.0174063161470017	0.0224	0.0237
FBgn0033362	235	118	123	146	75	67	135	207	198	85	119	93	139.43	180	99	0.552	-0.858	0.00110148121895744	0.0178192287137848	0.0397	0.0449
FBgn0038088	526	178	194	372	116	146	301	313	312	218	184	203	254.91	309	202	0.657	-0.607	0.00111877709229616	0.0179626043402245	0.0201	0.0305
FBgn0026064	570	218	168	336	134	160	326	383	270	196	212	222	268.33	326	210	0.643	-0.638	0.00112574068006845	0.0180338380037528	0.0228	0.0295
FBgn0266417	253	86	103	158	40	73	145	151	166	92	63	101	119.75	154	85	0.564	-0.827	0.0012024825970186	0.0190769095952545	0.0362	0.0481
FBgn0040813	192298	26647	41679	87360	18334	18651	110143	46793	67003	51079	29017	25887	54987.09	74646	35328	0.473	-1.079	0.00122146244682506	0.0193406080866007	0.0784	0.0372
FBgn0259110	1572	581	547	1175	418	482	900	1020	879	687	662	669	802.93	933	673	0.722	-0.47	0.0012576476682272	0.0198751949418102	0.0137	0.0171
FBgn0034160	107	42	22	51	16	14	61	74	35	30	25	19	40.83	57	25	0.447	-1.162	0.00128805417309346	0.0202387362599857	0.0625	0.0622
FBgn0015801	1891	618	674	1305	496	591	1083	1085	1084	763	785	820	936.7	1084	789	0.728	-0.458	0.00130073840349458	0.0203989605840584	0.0133	0.0167
FBgn0052251	2950	942	817	2172	608	723	1690	1654	1313	1270	962	1004	1315.5	1552	1079	0.696	-0.523	0.00133074037479436	0.0207899667696445	0.0181	0.0169
FBgn0033649	1762	506	416	1174	305	356	1009	889	669	686	483	494	704.97	856	554	0.649	-0.623	0.00134862961804007	0.0210293918767389	0.0253	0.0176
FBgn0036663	14628	6569	6647	10230	4491	4830	8379	11535	10686	5981	7108	6704	8398.81	10200	6598	0.647	-0.628	0.0013654684645553	0.0212515604293787	0.0274	0.0293
FBgn0033448	1690	611	671	1222	471	581	968	1073	1079	714	745	806	897.66	1040	755	0.727	-0.46	0.00153024038678017	0.0234598722474223	0.0137	0.0168
FBgn0031261	5269	2216	2646	2846	1663	2008	3018	3891	4254	1664	2632	2787	3041.02	3721	2361	0.634	-0.657	0.0015381911791638	0.0235377687528012	0.0303	0.0221
FBgn0027578	3039	871	1007	2084	796	849	1741	1529	1619	1219	1260	1178	1424.29	1630	1219	0.747	-0.421	0.0015427196645129	0.0235631037026718	0.0118	0.0171
FBgn0038256	2247	773	951	1423	684	756	1287	1357	1529	832	1083	1049	1189.53	1391	988	0.709	-0.496	0.00157236150704403	0.0238824242236576	0.0166	0.0167
FBgn0000286	1208	392	349	744	291	343	692	688	561	435	461	476	552.16	647	457	0.704	-0.506	0.00159268575178581	0.0240574742838808	0.0162	0.0193
FBgn0034159	47	14	15	22	6	6	27	25	24	13	9	8	17.72	25	10	0.426	-1.232	0.00159874262002846	0.0241045716350615	0.0442	0.0617
FBgn0035903	272	86	89	164	54	62	156	151	143	96	85	86	119.55	150	89	0.597	-0.744	0.00163884326825023	0.0246186675571215	0.0298	0.048
FBtr0307759	205	16	34	26	14	25	117	28	55	15	22	35	45.37	67	24	0.343	-1.543	0.00164723462120665	0.0246994851245647	0.1374	0.0614
FBgn0262127	8873	2805	2484	5760	2031	2300	5082	4926	3993	3368	3214	3192	3962.63	4667	3258	0.698	-0.519	0.00168318938737147	0.0251009442822196	0.0192	0.0244
FBgn0038484	49	22	25	27	12	8	28	39	40	16	19	11	25.46	36	15	0.444	-1.171	0.00169580910423833	0.0252432418747055	0.0495	0.0624
FBgn0027552	2692	646	846	1445	604	758	1542	1134	1360	845	956	1052	1148.21	1345	951	0.704	-0.506	0.00172190259442828	0.0255852265932984	0.0176	0.0166
FBgn0033128	1069	301	392	809	235	275	612	529	630	473	372	382	499.61	590	409	0.696	-0.524	0.00176426716971058	0.0261200709854986	0.0177	0.0202
FBgn0023129	742	270	323	546	215	234	425	474	519	319	340	325	400.45	473	328	0.696	-0.523	0.00182182542118201	0.0268752016268612	0.0171	0.0229
FBgn0261836	77256	24618	18346	47667	13788	14264	44250	43230	29493	27871	21822	19798	31077.35	38991	23164	0.594	-0.751	0.0018326949817084	0.0269870094074907	0.0414	0.0349
FBgn0036059	2085	561	628	1521	395	497	1194	985	1010	889	625	690	898.87	1063	735	0.693	-0.53	0.00193550918259661	0.0283482969922453	0.0196	0.0168
FBgn0054057	82	25	37	51	11	16	47	44	59	30	17	22	36.63	50	23	0.486	-1.041	0.00199732650100482	0.0290978187588659	0.0485	0.0625
FBgn0052813	386	129	144	215	102	106	221	227	231	126	161	147	185.56	226	145	0.635	-0.656	0.00205389033316436	0.0297632659233464	0.0257	0.0377
FBgn0039776	6998	2565	2985	4601	1952	2528	4008	4504	4799	2690	3089	3509	3766.6	4437	3096	0.698	-0.519	0.00208518434602928	0.0301103556445988	0.0201	0.0239
FBgn0266450	3096	1229	1049	2247	913	1000	1773	2158	1686	1314	1445	1388	1627.44	1872	1382	0.738	-0.438	0.0021340612584755	0.0307080183193264	0.0138	0.0177
FBgn0024150	4319	1831	1700	2947	1353	1489	2474	3215	2733	1723	2141	2067	2392.2	2807	1977	0.704	-0.506	0.00214676428548427	0.0308367087032259	0.019	0.0202
FBgn0033277	51	21	11	12	13	5	29	37	18	7	21	7	19.72	28	12	0.381	-1.393	0.00225142152897458	0.0321710093739539	0.0788	0.0619
FBgn0260467	76	21	25	43	10	8	44	37	40	25	16	11	28.78	40	17	0.457	-1.129	0.00231381239412965	0.0329844227957292	0.0579	0.0626
FBgn0029092	20144	6003	7029	13530	4611	5438	11538	10541	11300	7911	7298	7548	9355.96	11126	7586	0.682	-0.553	0.00232296080870131	0.0330206664696155	0.0235	0.0299
FBgn0000395	1233	441	352	872	298	331	706	774	566	510	472	459	581.24	682	480	0.705	-0.504	0.00244067484057834	0.0342195128930317	0.0177	0.0189
FBgn0036155	186	75	75	89	45	57	107	132	121	52	71	79	93.53	120	67	0.558	-0.841	0.00244056235402574	0.0342195128930317	0.041	0.0537
FBgn0029608	1404	460	579	897	388	491	804	808	931	524	614	682	727.13	848	607	0.714	-0.486	0.00249255714006067	0.0348107426219366	0.0168	0.0175
FBgn0010222	1088	421	497	728	318	408	623	739	799	426	503	566	609.45	720	498	0.691	-0.532	0.00258413753575686	0.035863106714514	0.0203	0.0186
FBgn0030529	25262	6903	7424	15682	5158	6154	14469	12122	11935	9169	8164	8542	10733.41	12842	8625	0.672	-0.574	0.00263723032763078	0.0364150894734472	0.026	0.0305
FBgn0038745	3273	1089	1206	2456	944	1043	1875	1912	1939	1436	1494	1448	1683.92	1909	1459	0.765	-0.387	0.00271870483317081	0.0372889917084732	0.0113	0.0179
FBgn0034219	2172	795	1002	1863	633	724	1244	1396	1611	1089	1002	1005	1224.49	1417	1032	0.73	-0.453	0.0027321783415701	0.0373934258708564	0.0154	0.0167
FBgn0039637	6149	2155	2579	4313	1824	2061	3522	3784	4146	2522	2887	2861	3286.91	3817	2757	0.722	-0.47	0.00273543715222066	0.0373934258708564	0.0173	0.0228
FBgn0270926	1723	511	579	1249	443	469	987	897	931	730	701	651	816.23	938	694	0.74	-0.435	0.00276899186153533	0.0377263641998551	0.0137	0.017
FBgn0039808	103	37	29	48	18	24	59	65	47	28	28	33	43.41	57	30	0.523	-0.936	0.00280201061176127	0.0381129204604742	0.042	0.062
FBgn0243512	5783	1553	1445	3715	1158	1346	3312	2727	2323	2172	1833	1868	2372.59	2787	1958	0.702	-0.51	0.00281970837536183	0.0382901458521816	0.0204	0.0202
FBgn0029114	3069	1027	945	2360	777	860	1758	1803	1519	1380	1230	1194	1480.63	1693	1268	0.749	-0.416	0.00285438428294261	0.0386969584937112	0.0132	0.0173
FBgn0013763	54728	21973	28996	35273	15930	19182	31347	38585	46614	20624	25212	26624	31501.06	38849	24153	0.622	-0.686	0.00290680428047151	0.0392187074145353	0.0378	0.0349
FBgn0038912	1222	433	462	914	349	372	700	760	743	534	552	516	634.35	734	534	0.729	-0.457	0.0029072145949814	0.0392187074145353	0.0149	0.0183
FBgn0034225	35	40	48	6	20	8	20	70	77	4	32	11	35.62	56	16	0.265	-1.915	0.00291694455901889	0.0392853518441264	0.2312	0.0626
FBgn0053503	740	229	288	578	185	181	424	402	463	338	293	251	361.82	430	294	0.689	-0.538	0.00292857013601604	0.039312818748942	0.0201	0.0242
FBgn0037445	3542	1085	997	2612	854	856	2029	1905	1603	1527	1352	1188	1600.63	1846	1356	0.735	-0.444	0.00294576513525107	0.0394790288224335	0.0153	0.0176
FBgn0052313	36	13	12	23	1	3	21	23	19	13	2	4	13.66	21	6	0.38	-1.397	0.00303448079285703	0.040601650021229	0.0768	0.0611
FBgn0031952	1003	344	329	737	241	298	574	604	529	431	381	414	488.91	569	409	0.72	-0.474	0.003040502502018	0.0406159633901492	0.0159	0.0205
FBgn0029881	11617	3661	3063	7813	2469	2784	6654	6429	4924	4568	3908	3864	5057.81	6002	4113	0.685	-0.545	0.00306795670380475	0.0408749831942598	0.024	0.0262
FBgn0026592	47	15	21	24	7	10	27	26	34	14	11	14	21	29	13	0.464	-1.109	0.00311708046383298	0.0413694077093174	0.0441	0.0621
FBgn0284226	2534	842	702	1937	537	643	1451	1479	1129	1133	850	892	1155.58	1353	958	0.71	-0.494	0.00324033827177629	0.0427975112803689	0.0192	0.0166
FBgn0010768	770	244	246	462	184	237	441	428	395	270	291	329	359.21	421	297	0.7	-0.514	0.00328122618284906	0.0432678732342894	0.0185	0.0244
FBgn0032156	3452	1013	1091	2519	871	972	1977	1779	1754	1473	1379	1349	1618.41	1837	1400	0.762	-0.392	0.0033060942818871	0.0432870152304426	0.012	0.0177
FBgn0033033	4264	1345	1291	3053	1085	1249	2442	2362	2075	1785	1717	1734	2019.24	2293	1745	0.761	-0.394	0.00330906590459491	0.0432870152304426	0.0123	0.019
FBgn0028394	346	110	141	242	67	99	198	193	227	141	106	137	167.16	206	128	0.629	-0.669	0.00332547637761961	0.0434324160019682	0.0299	0.0401
FBgn0003997	402	109	95	242	50	79	230	191	153	141	79	110	150.78	191	110	0.58	-0.785	0.00337398760291104	0.0438564917893444	0.0435	0.0422
FBgn0032785	577	156	169	384	103	134	330	274	272	225	163	186	241.61	292	191	0.657	-0.605	0.00338431556324222	0.0439211333065074	0.0257	0.0315
FBgn0034400	13333	4693	4396	8995	3481	3883	7637	8241	7067	5259	5509	5390	6517.18	7648	5386	0.704	-0.506	0.00340067051488156	0.044063664396617	0.0212	0.0279
FBgn0031055	5855	2343	2791	3806	1807	2288	3354	4114	4487	2225	2860	3176	3369.29	3985	2754	0.691	-0.534	0.0034990025080918	0.0450530903789152	0.0235	0.023
FBgn0032601	434	187	208	366	102	152	249	328	334	214	161	211	249.62	304	195	0.652	-0.617	0.00353134825526725	0.0453272588258247	0.027	0.031
FBgn0036454	1772	691	615	1251	499	604	1015	1213	989	731	790	838	929.43	1072	786	0.733	-0.447	0.00353031981393201	0.0453272588258247	0.0155	0.0167
FBgn0037238	55	26	15	25	10	12	32	46	24	15	16	17	24.73	34	16	0.468	-1.096	0.00359999412785836	0.0458496146532519	0.0511	0.0624
FBgn0031126	925	296	283	656	212	255	530	520	455	384	336	354	429.6	502	358	0.714	-0.485	0.00364608240102191	0.0462733036093148	0.0172	0.0219
FBgn0037917	1613	447	567	1149	373	482	924	785	912	672	590	669	758.58	874	644	0.737	-0.44	0.00369750145819242	0.0466995664995288	0.0149	0.0173
FBgn0035312	428	177	210	326	122	149	245	311	338	191	193	207	247.34	298	197	0.665	-0.588	0.00373112958445474	0.0470087939350197	0.0243	0.0313
FBgn0031285	6902	2323	2818	4531	2028	2317	3953	4079	4530	2649	3210	3216	3606.28	4187	3025	0.722	-0.47	0.00384527678430335	0.0482247097627768	0.0186	0.0236
FBgn0025628	7000	2620	3174	4912	2118	2549	4009	4601	5103	2872	3352	3538	3912.48	4571	3254	0.712	-0.49	0.00386742592006453	0.0484284387730828	0.0203	0.0242
FBgn0033402	2572	796	871	1730	650	847	1473	1398	1400	1012	1029	1176	1247.85	1424	1072	0.752	-0.411	0.0039369392681948	0.0489254179965663	0.0136	0.0168
FBgn0004197	2607	1052	1081	1870	871	943	1493	1847	1738	1093	1379	1309	1476.52	1693	1260	0.744	-0.426	0.00394699973430545	0.0489762357349067	0.0148	0.0173
